ID	Var1	Var2	Var3
Cus1	0.1	0.1	0.1
Cus2	0.2	0.2	0.2
Cus3	0.3	0.3	0.3
Cus4	0.4	0.4	0.4
Cus5	0.5	0.5	0.5
Cus6	0.6	0.6	0.6
Cus7	0.7	0.7	0.7
Cus8	0.8	0.8	0.8
Cus9	0.9	0.9	0.9
Cus10	1	1	1
Cus11	0.1	0.1	0.1
Cus12	0.2	0.2	0.2
Cus13	0.3	0.3	0.3
Cus14	0.4	0.4	0.4
Cus15	0.5	0.5	0.5
Cus16	0.6	0.6	0.6
Cus17	0.7	0.7	0.7
Cus18	0.8	0.8	0.8
Cus19	0.9	0.9	0.9
Cus20	1	1	1
Cus21	0.1	0.1	0.1
Cus22	0.2	0.2	0.2
Cus23	0.3	0.3	0.3
Cus24	0.4	0.4	0.4
Cus25	0.5	0.5	0.5
Cus26	0.6	0.6	0.6
Cus27	0.7	0.7	0.7
Cus28	0.8	0.8	0.8
Cus29	0.9	0.9	0.9
Cus30	1	1	1
Cus31	0.1	0.1	0.1
Cus32	0.2	0.2	0.2
Cus33	0.3	0.3	0.3
Cus34	0.4	0.4	0.4
Cus35	0.5	0.5	0.5
Cus36	0.6	0.6	0.6
Cus37	0.7	0.7	0.7
Cus38	0.8	0.8	0.8
Cus39	0.9	0.9	0.9
Cus40	1	1	1
Cus41	0.1	0.1	0.1
Cus42	0.2	0.2	0.2
Cus43	0.3	0.3	0.3
Cus44	0.4	0.4	0.4
Cus45	0.5	0.5	0.5
Cus46	0.6	0.6	0.6
Cus47	0.7	0.7	0.7
Cus48	0.8	0.8	0.8
Cus49	0.9	0.9	0.9
Cus50	1	1	1
Cus51	0.1	0.1	0.1
Cus52	0.2	0.2	0.2
Cus53	0.3	0.3	0.3
Cus54	0.4	0.4	0.4
Cus55	0.5	0.5	0.5
Cus56	0.6	0.6	0.6
Cus57	0.7	0.7	0.7
Cus58	0.8	0.8	0.8
Cus59	0.9	0.9	0.9
Cus60	1	1	1
