ID	buying	maint	doors	persons	lug_boot	safety
1	1	1	0	0	0	0
2	1	1	0	0	0	0.5
3	1	1	0	0	0	1
4	1	1	0	0	0.5	0
5	1	1	0	0	0.5	0.5
6	1	1	0	0	0.5	1
7	1	1	0	0	1	0
8	1	1	0	0	1	0.5
9	1	1	0	0	1	1
10	1	1	0	0.5	0	0
11	1	1	0	0.5	0	0.5
12	1	1	0	0.5	0	1
13	1	1	0	0.5	0.5	0
14	1	1	0	0.5	0.5	0.5
15	1	1	0	0.5	0.5	1
16	1	1	0	0.5	1	0
17	1	1	0	0.5	1	0.5
18	1	1	0	0.5	1	1
19	1	1	0	1	0	0
20	1	1	0	1	0	0.5
21	1	1	0	1	0	1
22	1	1	0	1	0.5	0
23	1	1	0	1	0.5	0.5
24	1	1	0	1	0.5	1
25	1	1	0	1	1	0
26	1	1	0	1	1	0.5
27	1	1	0	1	1	1
28	1	1	0.33	0	0	0
29	1	1	0.33	0	0	0.5
30	1	1	0.33	0	0	1
31	1	1	0.33	0	0.5	0
32	1	1	0.33	0	0.5	0.5
33	1	1	0.33	0	0.5	1
34	1	1	0.33	0	1	0
35	1	1	0.33	0	1	0.5
36	1	1	0.33	0	1	1
37	1	1	0.33	0.5	0	0
38	1	1	0.33	0.5	0	0.5
39	1	1	0.33	0.5	0	1
40	1	1	0.33	0.5	0.5	0
41	1	1	0.33	0.5	0.5	0.5
42	1	1	0.33	0.5	0.5	1
43	1	1	0.33	0.5	1	0
44	1	1	0.33	0.5	1	0.5
45	1	1	0.33	0.5	1	1
46	1	1	0.33	1	0	0
47	1	1	0.33	1	0	0.5
48	1	1	0.33	1	0	1
49	1	1	0.33	1	0.5	0
50	1	1	0.33	1	0.5	0.5
51	1	1	0.33	1	0.5	1
52	1	1	0.33	1	1	0
53	1	1	0.33	1	1	0.5
54	1	1	0.33	1	1	1
55	1	1	0.67	0	0	0
56	1	1	0.67	0	0	0.5
57	1	1	0.67	0	0	1
58	1	1	0.67	0	0.5	0
59	1	1	0.67	0	0.5	0.5
60	1	1	0.67	0	0.5	1
61	1	1	0.67	0	1	0
62	1	1	0.67	0	1	0.5
63	1	1	0.67	0	1	1
64	1	1	0.67	0.5	0	0
65	1	1	0.67	0.5	0	0.5
66	1	1	0.67	0.5	0	1
67	1	1	0.67	0.5	0.5	0
68	1	1	0.67	0.5	0.5	0.5
69	1	1	0.67	0.5	0.5	1
70	1	1	0.67	0.5	1	0
71	1	1	0.67	0.5	1	0.5
72	1	1	0.67	0.5	1	1
73	1	1	0.67	1	0	0
74	1	1	0.67	1	0	0.5
75	1	1	0.67	1	0	1
76	1	1	0.67	1	0.5	0
77	1	1	0.67	1	0.5	0.5
78	1	1	0.67	1	0.5	1
79	1	1	0.67	1	1	0
80	1	1	0.67	1	1	0.5
81	1	1	0.67	1	1	1
82	1	1	1	0	0	0
83	1	1	1	0	0	0.5
84	1	1	1	0	0	1
85	1	1	1	0	0.5	0
86	1	1	1	0	0.5	0.5
87	1	1	1	0	0.5	1
88	1	1	1	0	1	0
89	1	1	1	0	1	0.5
90	1	1	1	0	1	1
91	1	1	1	0.5	0	0
92	1	1	1	0.5	0	0.5
93	1	1	1	0.5	0	1
94	1	1	1	0.5	0.5	0
95	1	1	1	0.5	0.5	0.5
96	1	1	1	0.5	0.5	1
97	1	1	1	0.5	1	0
98	1	1	1	0.5	1	0.5
99	1	1	1	0.5	1	1
100	1	1	1	1	0	0
101	1	1	1	1	0	0.5
102	1	1	1	1	0	1
103	1	1	1	1	0.5	0
104	1	1	1	1	0.5	0.5
105	1	1	1	1	0.5	1
106	1	1	1	1	1	0
107	1	1	1	1	1	0.5
108	1	1	1	1	1	1
109	1	6.67	0	0	0	0
110	1	6.67	0	0	0	0.5
111	1	6.67	0	0	0	1
112	1	6.67	0	0	0.5	0
113	1	6.67	0	0	0.5	0.5
114	1	6.67	0	0	0.5	1
115	1	6.67	0	0	1	0
116	1	6.67	0	0	1	0.5
117	1	6.67	0	0	1	1
118	1	6.67	0	0.5	0	0
119	1	6.67	0	0.5	0	0.5
120	1	6.67	0	0.5	0	1
121	1	6.67	0	0.5	0.5	0
122	1	6.67	0	0.5	0.5	0.5
123	1	6.67	0	0.5	0.5	1
124	1	6.67	0	0.5	1	0
125	1	6.67	0	0.5	1	0.5
126	1	6.67	0	0.5	1	1
127	1	6.67	0	1	0	0
128	1	6.67	0	1	0	0.5
129	1	6.67	0	1	0	1
130	1	6.67	0	1	0.5	0
131	1	6.67	0	1	0.5	0.5
132	1	6.67	0	1	0.5	1
133	1	6.67	0	1	1	0
134	1	6.67	0	1	1	0.5
135	1	6.67	0	1	1	1
136	1	6.67	0.33	0	0	0
137	1	6.67	0.33	0	0	0.5
138	1	6.67	0.33	0	0	1
139	1	6.67	0.33	0	0.5	0
140	1	6.67	0.33	0	0.5	0.5
141	1	6.67	0.33	0	0.5	1
142	1	6.67	0.33	0	1	0
143	1	6.67	0.33	0	1	0.5
144	1	6.67	0.33	0	1	1
145	1	6.67	0.33	0.5	0	0
146	1	6.67	0.33	0.5	0	0.5
147	1	6.67	0.33	0.5	0	1
148	1	6.67	0.33	0.5	0.5	0
149	1	6.67	0.33	0.5	0.5	0.5
150	1	6.67	0.33	0.5	0.5	1
151	1	6.67	0.33	0.5	1	0
152	1	6.67	0.33	0.5	1	0.5
153	1	6.67	0.33	0.5	1	1
154	1	6.67	0.33	1	0	0
155	1	6.67	0.33	1	0	0.5
156	1	6.67	0.33	1	0	1
157	1	6.67	0.33	1	0.5	0
158	1	6.67	0.33	1	0.5	0.5
159	1	6.67	0.33	1	0.5	1
160	1	6.67	0.33	1	1	0
161	1	6.67	0.33	1	1	0.5
162	1	6.67	0.33	1	1	1
163	1	6.67	0.67	0	0	0
164	1	6.67	0.67	0	0	0.5
165	1	6.67	0.67	0	0	1
166	1	6.67	0.67	0	0.5	0
167	1	6.67	0.67	0	0.5	0.5
168	1	6.67	0.67	0	0.5	1
169	1	6.67	0.67	0	1	0
170	1	6.67	0.67	0	1	0.5
171	1	6.67	0.67	0	1	1
172	1	6.67	0.67	0.5	0	0
173	1	6.67	0.67	0.5	0	0.5
174	1	6.67	0.67	0.5	0	1
175	1	6.67	0.67	0.5	0.5	0
176	1	6.67	0.67	0.5	0.5	0.5
177	1	6.67	0.67	0.5	0.5	1
178	1	6.67	0.67	0.5	1	0
179	1	6.67	0.67	0.5	1	0.5
180	1	6.67	0.67	0.5	1	1
181	1	6.67	0.67	1	0	0
182	1	6.67	0.67	1	0	0.5
183	1	6.67	0.67	1	0	1
184	1	6.67	0.67	1	0.5	0
185	1	6.67	0.67	1	0.5	0.5
186	1	6.67	0.67	1	0.5	1
187	1	6.67	0.67	1	1	0
188	1	6.67	0.67	1	1	0.5
189	1	6.67	0.67	1	1	1
190	1	6.67	1	0	0	0
191	1	6.67	1	0	0	0.5
192	1	6.67	1	0	0	1
193	1	6.67	1	0	0.5	0
194	1	6.67	1	0	0.5	0.5
195	1	6.67	1	0	0.5	1
196	1	6.67	1	0	1	0
197	1	6.67	1	0	1	0.5
198	1	6.67	1	0	1	1
199	1	6.67	1	0.5	0	0
200	1	6.67	1	0.5	0	0.5
201	1	6.67	1	0.5	0	1
202	1	6.67	1	0.5	0.5	0
203	1	6.67	1	0.5	0.5	0.5
204	1	6.67	1	0.5	0.5	1
205	1	6.67	1	0.5	1	0
206	1	6.67	1	0.5	1	0.5
207	1	6.67	1	0.5	1	1
208	1	6.67	1	1	0	0
209	1	6.67	1	1	0	0.5
210	1	6.67	1	1	0	1
211	1	6.67	1	1	0.5	0
212	1	6.67	1	1	0.5	0.5
213	1	6.67	1	1	0.5	1
214	1	6.67	1	1	1	0
215	1	6.67	1	1	1	0.5
216	1	6.67	1	1	1	1
217	1	3.33	0	0	0	0
218	1	3.33	0	0	0	0.5
219	1	3.33	0	0	0	1
220	1	3.33	0	0	0.5	0
221	1	3.33	0	0	0.5	0.5
222	1	3.33	0	0	0.5	1
223	1	3.33	0	0	1	0
224	1	3.33	0	0	1	0.5
225	1	3.33	0	0	1	1
226	1	3.33	0	0.5	0	0
227	1	3.33	0	0.5	0	0.5
228	1	3.33	0	0.5	0	1
229	1	3.33	0	0.5	0.5	0
230	1	3.33	0	0.5	0.5	0.5
231	1	3.33	0	0.5	0.5	1
232	1	3.33	0	0.5	1	0
233	1	3.33	0	0.5	1	0.5
234	1	3.33	0	0.5	1	1
235	1	3.33	0	1	0	0
236	1	3.33	0	1	0	0.5
237	1	3.33	0	1	0	1
238	1	3.33	0	1	0.5	0
239	1	3.33	0	1	0.5	0.5
240	1	3.33	0	1	0.5	1
241	1	3.33	0	1	1	0
242	1	3.33	0	1	1	0.5
243	1	3.33	0	1	1	1
244	1	3.33	0.33	0	0	0
245	1	3.33	0.33	0	0	0.5
246	1	3.33	0.33	0	0	1
247	1	3.33	0.33	0	0.5	0
248	1	3.33	0.33	0	0.5	0.5
249	1	3.33	0.33	0	0.5	1
250	1	3.33	0.33	0	1	0
251	1	3.33	0.33	0	1	0.5
252	1	3.33	0.33	0	1	1
253	1	3.33	0.33	0.5	0	0
254	1	3.33	0.33	0.5	0	0.5
255	1	3.33	0.33	0.5	0	1
256	1	3.33	0.33	0.5	0.5	0
257	1	3.33	0.33	0.5	0.5	0.5
258	1	3.33	0.33	0.5	0.5	1
259	1	3.33	0.33	0.5	1	0
260	1	3.33	0.33	0.5	1	0.5
261	1	3.33	0.33	0.5	1	1
262	1	3.33	0.33	1	0	0
263	1	3.33	0.33	1	0	0.5
264	1	3.33	0.33	1	0	1
265	1	3.33	0.33	1	0.5	0
266	1	3.33	0.33	1	0.5	0.5
267	1	3.33	0.33	1	0.5	1
268	1	3.33	0.33	1	1	0
269	1	3.33	0.33	1	1	0.5
270	1	3.33	0.33	1	1	1
271	1	3.33	0.67	0	0	0
272	1	3.33	0.67	0	0	0.5
273	1	3.33	0.67	0	0	1
274	1	3.33	0.67	0	0.5	0
275	1	3.33	0.67	0	0.5	0.5
276	1	3.33	0.67	0	0.5	1
277	1	3.33	0.67	0	1	0
278	1	3.33	0.67	0	1	0.5
279	1	3.33	0.67	0	1	1
280	1	3.33	0.67	0.5	0	0
281	1	3.33	0.67	0.5	0	0.5
282	1	3.33	0.67	0.5	0	1
283	1	3.33	0.67	0.5	0.5	0
284	1	3.33	0.67	0.5	0.5	0.5
285	1	3.33	0.67	0.5	0.5	1
286	1	3.33	0.67	0.5	1	0
287	1	3.33	0.67	0.5	1	0.5
288	1	3.33	0.67	0.5	1	1
289	1	3.33	0.67	1	0	0
290	1	3.33	0.67	1	0	0.5
291	1	3.33	0.67	1	0	1
292	1	3.33	0.67	1	0.5	0
293	1	3.33	0.67	1	0.5	0.5
294	1	3.33	0.67	1	0.5	1
295	1	3.33	0.67	1	1	0
296	1	3.33	0.67	1	1	0.5
297	1	3.33	0.67	1	1	1
298	1	3.33	1	0	0	0
299	1	3.33	1	0	0	0.5
300	1	3.33	1	0	0	1
301	1	3.33	1	0	0.5	0
302	1	3.33	1	0	0.5	0.5
303	1	3.33	1	0	0.5	1
304	1	3.33	1	0	1	0
305	1	3.33	1	0	1	0.5
306	1	3.33	1	0	1	1
307	1	3.33	1	0.5	0	0
308	1	3.33	1	0.5	0	0.5
309	1	3.33	1	0.5	0	1
310	1	3.33	1	0.5	0.5	0
311	1	3.33	1	0.5	0.5	0.5
312	1	3.33	1	0.5	0.5	1
313	1	3.33	1	0.5	1	0
314	1	3.33	1	0.5	1	0.5
315	1	3.33	1	0.5	1	1
316	1	3.33	1	1	0	0
317	1	3.33	1	1	0	0.5
318	1	3.33	1	1	0	1
319	1	3.33	1	1	0.5	0
320	1	3.33	1	1	0.5	0.5
321	1	3.33	1	1	0.5	1
322	1	3.33	1	1	1	0
323	1	3.33	1	1	1	0.5
324	1	3.33	1	1	1	1
325	1	0	0	0	0	0
326	1	0	0	0	0	0.5
327	1	0	0	0	0	1
328	1	0	0	0	0.5	0
329	1	0	0	0	0.5	0.5
330	1	0	0	0	0.5	1
331	1	0	0	0	1	0
332	1	0	0	0	1	0.5
333	1	0	0	0	1	1
334	1	0	0	0.5	0	0
335	1	0	0	0.5	0	0.5
336	1	0	0	0.5	0	1
337	1	0	0	0.5	0.5	0
338	1	0	0	0.5	0.5	0.5
339	1	0	0	0.5	0.5	1
340	1	0	0	0.5	1	0
341	1	0	0	0.5	1	0.5
342	1	0	0	0.5	1	1
343	1	0	0	1	0	0
344	1	0	0	1	0	0.5
345	1	0	0	1	0	1
346	1	0	0	1	0.5	0
347	1	0	0	1	0.5	0.5
348	1	0	0	1	0.5	1
349	1	0	0	1	1	0
350	1	0	0	1	1	0.5
351	1	0	0	1	1	1
352	1	0	0.33	0	0	0
353	1	0	0.33	0	0	0.5
354	1	0	0.33	0	0	1
355	1	0	0.33	0	0.5	0
356	1	0	0.33	0	0.5	0.5
357	1	0	0.33	0	0.5	1
358	1	0	0.33	0	1	0
359	1	0	0.33	0	1	0.5
360	1	0	0.33	0	1	1
361	1	0	0.33	0.5	0	0
362	1	0	0.33	0.5	0	0.5
363	1	0	0.33	0.5	0	1
364	1	0	0.33	0.5	0.5	0
365	1	0	0.33	0.5	0.5	0.5
366	1	0	0.33	0.5	0.5	1
367	1	0	0.33	0.5	1	0
368	1	0	0.33	0.5	1	0.5
369	1	0	0.33	0.5	1	1
370	1	0	0.33	1	0	0
371	1	0	0.33	1	0	0.5
372	1	0	0.33	1	0	1
373	1	0	0.33	1	0.5	0
374	1	0	0.33	1	0.5	0.5
375	1	0	0.33	1	0.5	1
376	1	0	0.33	1	1	0
377	1	0	0.33	1	1	0.5
378	1	0	0.33	1	1	1
379	1	0	0.67	0	0	0
380	1	0	0.67	0	0	0.5
381	1	0	0.67	0	0	1
382	1	0	0.67	0	0.5	0
383	1	0	0.67	0	0.5	0.5
384	1	0	0.67	0	0.5	1
385	1	0	0.67	0	1	0
386	1	0	0.67	0	1	0.5
387	1	0	0.67	0	1	1
388	1	0	0.67	0.5	0	0
389	1	0	0.67	0.5	0	0.5
390	1	0	0.67	0.5	0	1
391	1	0	0.67	0.5	0.5	0
392	1	0	0.67	0.5	0.5	0.5
393	1	0	0.67	0.5	0.5	1
394	1	0	0.67	0.5	1	0
395	1	0	0.67	0.5	1	0.5
396	1	0	0.67	0.5	1	1
397	1	0	0.67	1	0	0
398	1	0	0.67	1	0	0.5
399	1	0	0.67	1	0	1
400	1	0	0.67	1	0.5	0
401	1	0	0.67	1	0.5	0.5
402	1	0	0.67	1	0.5	1
403	1	0	0.67	1	1	0
404	1	0	0.67	1	1	0.5
405	1	0	0.67	1	1	1
406	1	0	1	0	0	0
407	1	0	1	0	0	0.5
408	1	0	1	0	0	1
409	1	0	1	0	0.5	0
410	1	0	1	0	0.5	0.5
411	1	0	1	0	0.5	1
412	1	0	1	0	1	0
413	1	0	1	0	1	0.5
414	1	0	1	0	1	1
415	1	0	1	0.5	0	0
416	1	0	1	0.5	0	0.5
417	1	0	1	0.5	0	1
418	1	0	1	0.5	0.5	0
419	1	0	1	0.5	0.5	0.5
420	1	0	1	0.5	0.5	1
421	1	0	1	0.5	1	0
422	1	0	1	0.5	1	0.5
423	1	0	1	0.5	1	1
424	1	0	1	1	0	0
425	1	0	1	1	0	0.5
426	1	0	1	1	0	1
427	1	0	1	1	0.5	0
428	1	0	1	1	0.5	0.5
429	1	0	1	1	0.5	1
430	1	0	1	1	1	0
431	1	0	1	1	1	0.5
432	1	0	1	1	1	1
433	6.67	1	0	0	0	0
434	6.67	1	0	0	0	0.5
435	6.67	1	0	0	0	1
436	6.67	1	0	0	0.5	0
437	6.67	1	0	0	0.5	0.5
438	6.67	1	0	0	0.5	1
439	6.67	1	0	0	1	0
440	6.67	1	0	0	1	0.5
441	6.67	1	0	0	1	1
442	6.67	1	0	0.5	0	0
443	6.67	1	0	0.5	0	0.5
444	6.67	1	0	0.5	0	1
445	6.67	1	0	0.5	0.5	0
446	6.67	1	0	0.5	0.5	0.5
447	6.67	1	0	0.5	0.5	1
448	6.67	1	0	0.5	1	0
449	6.67	1	0	0.5	1	0.5
450	6.67	1	0	0.5	1	1
451	6.67	1	0	1	0	0
452	6.67	1	0	1	0	0.5
453	6.67	1	0	1	0	1
454	6.67	1	0	1	0.5	0
455	6.67	1	0	1	0.5	0.5
456	6.67	1	0	1	0.5	1
457	6.67	1	0	1	1	0
458	6.67	1	0	1	1	0.5
459	6.67	1	0	1	1	1
460	6.67	1	0.33	0	0	0
461	6.67	1	0.33	0	0	0.5
462	6.67	1	0.33	0	0	1
463	6.67	1	0.33	0	0.5	0
464	6.67	1	0.33	0	0.5	0.5
465	6.67	1	0.33	0	0.5	1
466	6.67	1	0.33	0	1	0
467	6.67	1	0.33	0	1	0.5
468	6.67	1	0.33	0	1	1
469	6.67	1	0.33	0.5	0	0
470	6.67	1	0.33	0.5	0	0.5
471	6.67	1	0.33	0.5	0	1
472	6.67	1	0.33	0.5	0.5	0
473	6.67	1	0.33	0.5	0.5	0.5
474	6.67	1	0.33	0.5	0.5	1
475	6.67	1	0.33	0.5	1	0
476	6.67	1	0.33	0.5	1	0.5
477	6.67	1	0.33	0.5	1	1
478	6.67	1	0.33	1	0	0
479	6.67	1	0.33	1	0	0.5
480	6.67	1	0.33	1	0	1
481	6.67	1	0.33	1	0.5	0
482	6.67	1	0.33	1	0.5	0.5
483	6.67	1	0.33	1	0.5	1
484	6.67	1	0.33	1	1	0
485	6.67	1	0.33	1	1	0.5
486	6.67	1	0.33	1	1	1
487	6.67	1	0.67	0	0	0
488	6.67	1	0.67	0	0	0.5
489	6.67	1	0.67	0	0	1
490	6.67	1	0.67	0	0.5	0
491	6.67	1	0.67	0	0.5	0.5
492	6.67	1	0.67	0	0.5	1
493	6.67	1	0.67	0	1	0
494	6.67	1	0.67	0	1	0.5
495	6.67	1	0.67	0	1	1
496	6.67	1	0.67	0.5	0	0
497	6.67	1	0.67	0.5	0	0.5
498	6.67	1	0.67	0.5	0	1
499	6.67	1	0.67	0.5	0.5	0
500	6.67	1	0.67	0.5	0.5	0.5
501	6.67	1	0.67	0.5	0.5	1
502	6.67	1	0.67	0.5	1	0
503	6.67	1	0.67	0.5	1	0.5
504	6.67	1	0.67	0.5	1	1
505	6.67	1	0.67	1	0	0
506	6.67	1	0.67	1	0	0.5
507	6.67	1	0.67	1	0	1
508	6.67	1	0.67	1	0.5	0
509	6.67	1	0.67	1	0.5	0.5
510	6.67	1	0.67	1	0.5	1
511	6.67	1	0.67	1	1	0
512	6.67	1	0.67	1	1	0.5
513	6.67	1	0.67	1	1	1
514	6.67	1	1	0	0	0
515	6.67	1	1	0	0	0.5
516	6.67	1	1	0	0	1
517	6.67	1	1	0	0.5	0
518	6.67	1	1	0	0.5	0.5
519	6.67	1	1	0	0.5	1
520	6.67	1	1	0	1	0
521	6.67	1	1	0	1	0.5
522	6.67	1	1	0	1	1
523	6.67	1	1	0.5	0	0
524	6.67	1	1	0.5	0	0.5
525	6.67	1	1	0.5	0	1
526	6.67	1	1	0.5	0.5	0
527	6.67	1	1	0.5	0.5	0.5
528	6.67	1	1	0.5	0.5	1
529	6.67	1	1	0.5	1	0
530	6.67	1	1	0.5	1	0.5
531	6.67	1	1	0.5	1	1
532	6.67	1	1	1	0	0
533	6.67	1	1	1	0	0.5
534	6.67	1	1	1	0	1
535	6.67	1	1	1	0.5	0
536	6.67	1	1	1	0.5	0.5
537	6.67	1	1	1	0.5	1
538	6.67	1	1	1	1	0
539	6.67	1	1	1	1	0.5
540	6.67	1	1	1	1	1
541	6.67	6.67	0	0	0	0
542	6.67	6.67	0	0	0	0.5
543	6.67	6.67	0	0	0	1
544	6.67	6.67	0	0	0.5	0
545	6.67	6.67	0	0	0.5	0.5
546	6.67	6.67	0	0	0.5	1
547	6.67	6.67	0	0	1	0
548	6.67	6.67	0	0	1	0.5
549	6.67	6.67	0	0	1	1
550	6.67	6.67	0	0.5	0	0
551	6.67	6.67	0	0.5	0	0.5
552	6.67	6.67	0	0.5	0	1
553	6.67	6.67	0	0.5	0.5	0
554	6.67	6.67	0	0.5	0.5	0.5
555	6.67	6.67	0	0.5	0.5	1
556	6.67	6.67	0	0.5	1	0
557	6.67	6.67	0	0.5	1	0.5
558	6.67	6.67	0	0.5	1	1
559	6.67	6.67	0	1	0	0
560	6.67	6.67	0	1	0	0.5
561	6.67	6.67	0	1	0	1
562	6.67	6.67	0	1	0.5	0
563	6.67	6.67	0	1	0.5	0.5
564	6.67	6.67	0	1	0.5	1
565	6.67	6.67	0	1	1	0
566	6.67	6.67	0	1	1	0.5
567	6.67	6.67	0	1	1	1
568	6.67	6.67	0.33	0	0	0
569	6.67	6.67	0.33	0	0	0.5
570	6.67	6.67	0.33	0	0	1
571	6.67	6.67	0.33	0	0.5	0
572	6.67	6.67	0.33	0	0.5	0.5
573	6.67	6.67	0.33	0	0.5	1
574	6.67	6.67	0.33	0	1	0
575	6.67	6.67	0.33	0	1	0.5
576	6.67	6.67	0.33	0	1	1
577	6.67	6.67	0.33	0.5	0	0
578	6.67	6.67	0.33	0.5	0	0.5
579	6.67	6.67	0.33	0.5	0	1
580	6.67	6.67	0.33	0.5	0.5	0
581	6.67	6.67	0.33	0.5	0.5	0.5
582	6.67	6.67	0.33	0.5	0.5	1
583	6.67	6.67	0.33	0.5	1	0
584	6.67	6.67	0.33	0.5	1	0.5
585	6.67	6.67	0.33	0.5	1	1
586	6.67	6.67	0.33	1	0	0
587	6.67	6.67	0.33	1	0	0.5
588	6.67	6.67	0.33	1	0	1
589	6.67	6.67	0.33	1	0.5	0
590	6.67	6.67	0.33	1	0.5	0.5
591	6.67	6.67	0.33	1	0.5	1
592	6.67	6.67	0.33	1	1	0
593	6.67	6.67	0.33	1	1	0.5
594	6.67	6.67	0.33	1	1	1
595	6.67	6.67	0.67	0	0	0
596	6.67	6.67	0.67	0	0	0.5
597	6.67	6.67	0.67	0	0	1
598	6.67	6.67	0.67	0	0.5	0
599	6.67	6.67	0.67	0	0.5	0.5
600	6.67	6.67	0.67	0	0.5	1
601	6.67	6.67	0.67	0	1	0
602	6.67	6.67	0.67	0	1	0.5
603	6.67	6.67	0.67	0	1	1
604	6.67	6.67	0.67	0.5	0	0
605	6.67	6.67	0.67	0.5	0	0.5
606	6.67	6.67	0.67	0.5	0	1
607	6.67	6.67	0.67	0.5	0.5	0
608	6.67	6.67	0.67	0.5	0.5	0.5
609	6.67	6.67	0.67	0.5	0.5	1
610	6.67	6.67	0.67	0.5	1	0
611	6.67	6.67	0.67	0.5	1	0.5
612	6.67	6.67	0.67	0.5	1	1
613	6.67	6.67	0.67	1	0	0
614	6.67	6.67	0.67	1	0	0.5
615	6.67	6.67	0.67	1	0	1
616	6.67	6.67	0.67	1	0.5	0
617	6.67	6.67	0.67	1	0.5	0.5
618	6.67	6.67	0.67	1	0.5	1
619	6.67	6.67	0.67	1	1	0
620	6.67	6.67	0.67	1	1	0.5
621	6.67	6.67	0.67	1	1	1
622	6.67	6.67	1	0	0	0
623	6.67	6.67	1	0	0	0.5
624	6.67	6.67	1	0	0	1
625	6.67	6.67	1	0	0.5	0
626	6.67	6.67	1	0	0.5	0.5
627	6.67	6.67	1	0	0.5	1
628	6.67	6.67	1	0	1	0
629	6.67	6.67	1	0	1	0.5
630	6.67	6.67	1	0	1	1
631	6.67	6.67	1	0.5	0	0
632	6.67	6.67	1	0.5	0	0.5
633	6.67	6.67	1	0.5	0	1
634	6.67	6.67	1	0.5	0.5	0
635	6.67	6.67	1	0.5	0.5	0.5
636	6.67	6.67	1	0.5	0.5	1
637	6.67	6.67	1	0.5	1	0
638	6.67	6.67	1	0.5	1	0.5
639	6.67	6.67	1	0.5	1	1
640	6.67	6.67	1	1	0	0
641	6.67	6.67	1	1	0	0.5
642	6.67	6.67	1	1	0	1
643	6.67	6.67	1	1	0.5	0
644	6.67	6.67	1	1	0.5	0.5
645	6.67	6.67	1	1	0.5	1
646	6.67	6.67	1	1	1	0
647	6.67	6.67	1	1	1	0.5
648	6.67	6.67	1	1	1	1
649	6.67	3.33	0	0	0	0
650	6.67	3.33	0	0	0	0.5
651	6.67	3.33	0	0	0	1
652	6.67	3.33	0	0	0.5	0
653	6.67	3.33	0	0	0.5	0.5
654	6.67	3.33	0	0	0.5	1
655	6.67	3.33	0	0	1	0
656	6.67	3.33	0	0	1	0.5
657	6.67	3.33	0	0	1	1
658	6.67	3.33	0	0.5	0	0
659	6.67	3.33	0	0.5	0	0.5
660	6.67	3.33	0	0.5	0	1
661	6.67	3.33	0	0.5	0.5	0
662	6.67	3.33	0	0.5	0.5	0.5
663	6.67	3.33	0	0.5	0.5	1
664	6.67	3.33	0	0.5	1	0
665	6.67	3.33	0	0.5	1	0.5
666	6.67	3.33	0	0.5	1	1
667	6.67	3.33	0	1	0	0
668	6.67	3.33	0	1	0	0.5
669	6.67	3.33	0	1	0	1
670	6.67	3.33	0	1	0.5	0
671	6.67	3.33	0	1	0.5	0.5
672	6.67	3.33	0	1	0.5	1
673	6.67	3.33	0	1	1	0
674	6.67	3.33	0	1	1	0.5
675	6.67	3.33	0	1	1	1
676	6.67	3.33	0.33	0	0	0
677	6.67	3.33	0.33	0	0	0.5
678	6.67	3.33	0.33	0	0	1
679	6.67	3.33	0.33	0	0.5	0
680	6.67	3.33	0.33	0	0.5	0.5
681	6.67	3.33	0.33	0	0.5	1
682	6.67	3.33	0.33	0	1	0
683	6.67	3.33	0.33	0	1	0.5
684	6.67	3.33	0.33	0	1	1
685	6.67	3.33	0.33	0.5	0	0
686	6.67	3.33	0.33	0.5	0	0.5
687	6.67	3.33	0.33	0.5	0	1
688	6.67	3.33	0.33	0.5	0.5	0
689	6.67	3.33	0.33	0.5	0.5	0.5
690	6.67	3.33	0.33	0.5	0.5	1
691	6.67	3.33	0.33	0.5	1	0
692	6.67	3.33	0.33	0.5	1	0.5
693	6.67	3.33	0.33	0.5	1	1
694	6.67	3.33	0.33	1	0	0
695	6.67	3.33	0.33	1	0	0.5
696	6.67	3.33	0.33	1	0	1
697	6.67	3.33	0.33	1	0.5	0
698	6.67	3.33	0.33	1	0.5	0.5
699	6.67	3.33	0.33	1	0.5	1
700	6.67	3.33	0.33	1	1	0
701	6.67	3.33	0.33	1	1	0.5
702	6.67	3.33	0.33	1	1	1
703	6.67	3.33	0.67	0	0	0
704	6.67	3.33	0.67	0	0	0.5
705	6.67	3.33	0.67	0	0	1
706	6.67	3.33	0.67	0	0.5	0
707	6.67	3.33	0.67	0	0.5	0.5
708	6.67	3.33	0.67	0	0.5	1
709	6.67	3.33	0.67	0	1	0
710	6.67	3.33	0.67	0	1	0.5
711	6.67	3.33	0.67	0	1	1
712	6.67	3.33	0.67	0.5	0	0
713	6.67	3.33	0.67	0.5	0	0.5
714	6.67	3.33	0.67	0.5	0	1
715	6.67	3.33	0.67	0.5	0.5	0
716	6.67	3.33	0.67	0.5	0.5	0.5
717	6.67	3.33	0.67	0.5	0.5	1
718	6.67	3.33	0.67	0.5	1	0
719	6.67	3.33	0.67	0.5	1	0.5
720	6.67	3.33	0.67	0.5	1	1
721	6.67	3.33	0.67	1	0	0
722	6.67	3.33	0.67	1	0	0.5
723	6.67	3.33	0.67	1	0	1
724	6.67	3.33	0.67	1	0.5	0
725	6.67	3.33	0.67	1	0.5	0.5
726	6.67	3.33	0.67	1	0.5	1
727	6.67	3.33	0.67	1	1	0
728	6.67	3.33	0.67	1	1	0.5
729	6.67	3.33	0.67	1	1	1
730	6.67	3.33	1	0	0	0
731	6.67	3.33	1	0	0	0.5
732	6.67	3.33	1	0	0	1
733	6.67	3.33	1	0	0.5	0
734	6.67	3.33	1	0	0.5	0.5
735	6.67	3.33	1	0	0.5	1
736	6.67	3.33	1	0	1	0
737	6.67	3.33	1	0	1	0.5
738	6.67	3.33	1	0	1	1
739	6.67	3.33	1	0.5	0	0
740	6.67	3.33	1	0.5	0	0.5
741	6.67	3.33	1	0.5	0	1
742	6.67	3.33	1	0.5	0.5	0
743	6.67	3.33	1	0.5	0.5	0.5
744	6.67	3.33	1	0.5	0.5	1
745	6.67	3.33	1	0.5	1	0
746	6.67	3.33	1	0.5	1	0.5
747	6.67	3.33	1	0.5	1	1
748	6.67	3.33	1	1	0	0
749	6.67	3.33	1	1	0	0.5
750	6.67	3.33	1	1	0	1
751	6.67	3.33	1	1	0.5	0
752	6.67	3.33	1	1	0.5	0.5
753	6.67	3.33	1	1	0.5	1
754	6.67	3.33	1	1	1	0
755	6.67	3.33	1	1	1	0.5
756	6.67	3.33	1	1	1	1
757	6.67	0	0	0	0	0
758	6.67	0	0	0	0	0.5
759	6.67	0	0	0	0	1
760	6.67	0	0	0	0.5	0
761	6.67	0	0	0	0.5	0.5
762	6.67	0	0	0	0.5	1
763	6.67	0	0	0	1	0
764	6.67	0	0	0	1	0.5
765	6.67	0	0	0	1	1
766	6.67	0	0	0.5	0	0
767	6.67	0	0	0.5	0	0.5
768	6.67	0	0	0.5	0	1
769	6.67	0	0	0.5	0.5	0
770	6.67	0	0	0.5	0.5	0.5
771	6.67	0	0	0.5	0.5	1
772	6.67	0	0	0.5	1	0
773	6.67	0	0	0.5	1	0.5
774	6.67	0	0	0.5	1	1
775	6.67	0	0	1	0	0
776	6.67	0	0	1	0	0.5
777	6.67	0	0	1	0	1
778	6.67	0	0	1	0.5	0
779	6.67	0	0	1	0.5	0.5
780	6.67	0	0	1	0.5	1
781	6.67	0	0	1	1	0
782	6.67	0	0	1	1	0.5
783	6.67	0	0	1	1	1
784	6.67	0	0.33	0	0	0
785	6.67	0	0.33	0	0	0.5
786	6.67	0	0.33	0	0	1
787	6.67	0	0.33	0	0.5	0
788	6.67	0	0.33	0	0.5	0.5
789	6.67	0	0.33	0	0.5	1
790	6.67	0	0.33	0	1	0
791	6.67	0	0.33	0	1	0.5
792	6.67	0	0.33	0	1	1
793	6.67	0	0.33	0.5	0	0
794	6.67	0	0.33	0.5	0	0.5
795	6.67	0	0.33	0.5	0	1
796	6.67	0	0.33	0.5	0.5	0
797	6.67	0	0.33	0.5	0.5	0.5
798	6.67	0	0.33	0.5	0.5	1
799	6.67	0	0.33	0.5	1	0
800	6.67	0	0.33	0.5	1	0.5
801	6.67	0	0.33	0.5	1	1
802	6.67	0	0.33	1	0	0
803	6.67	0	0.33	1	0	0.5
804	6.67	0	0.33	1	0	1
805	6.67	0	0.33	1	0.5	0
806	6.67	0	0.33	1	0.5	0.5
807	6.67	0	0.33	1	0.5	1
808	6.67	0	0.33	1	1	0
809	6.67	0	0.33	1	1	0.5
810	6.67	0	0.33	1	1	1
811	6.67	0	0.67	0	0	0
812	6.67	0	0.67	0	0	0.5
813	6.67	0	0.67	0	0	1
814	6.67	0	0.67	0	0.5	0
815	6.67	0	0.67	0	0.5	0.5
816	6.67	0	0.67	0	0.5	1
817	6.67	0	0.67	0	1	0
818	6.67	0	0.67	0	1	0.5
819	6.67	0	0.67	0	1	1
820	6.67	0	0.67	0.5	0	0
821	6.67	0	0.67	0.5	0	0.5
822	6.67	0	0.67	0.5	0	1
823	6.67	0	0.67	0.5	0.5	0
824	6.67	0	0.67	0.5	0.5	0.5
825	6.67	0	0.67	0.5	0.5	1
826	6.67	0	0.67	0.5	1	0
827	6.67	0	0.67	0.5	1	0.5
828	6.67	0	0.67	0.5	1	1
829	6.67	0	0.67	1	0	0
830	6.67	0	0.67	1	0	0.5
831	6.67	0	0.67	1	0	1
832	6.67	0	0.67	1	0.5	0
833	6.67	0	0.67	1	0.5	0.5
834	6.67	0	0.67	1	0.5	1
835	6.67	0	0.67	1	1	0
836	6.67	0	0.67	1	1	0.5
837	6.67	0	0.67	1	1	1
838	6.67	0	1	0	0	0
839	6.67	0	1	0	0	0.5
840	6.67	0	1	0	0	1
841	6.67	0	1	0	0.5	0
842	6.67	0	1	0	0.5	0.5
843	6.67	0	1	0	0.5	1
844	6.67	0	1	0	1	0
845	6.67	0	1	0	1	0.5
846	6.67	0	1	0	1	1
847	6.67	0	1	0.5	0	0
848	6.67	0	1	0.5	0	0.5
849	6.67	0	1	0.5	0	1
850	6.67	0	1	0.5	0.5	0
851	6.67	0	1	0.5	0.5	0.5
852	6.67	0	1	0.5	0.5	1
853	6.67	0	1	0.5	1	0
854	6.67	0	1	0.5	1	0.5
855	6.67	0	1	0.5	1	1
856	6.67	0	1	1	0	0
857	6.67	0	1	1	0	0.5
858	6.67	0	1	1	0	1
859	6.67	0	1	1	0.5	0
860	6.67	0	1	1	0.5	0.5
861	6.67	0	1	1	0.5	1
862	6.67	0	1	1	1	0
863	6.67	0	1	1	1	0.5
864	6.67	0	1	1	1	1
865	3.33	1	0	0	0	0
866	3.33	1	0	0	0	0.5
867	3.33	1	0	0	0	1
868	3.33	1	0	0	0.5	0
869	3.33	1	0	0	0.5	0.5
870	3.33	1	0	0	0.5	1
871	3.33	1	0	0	1	0
872	3.33	1	0	0	1	0.5
873	3.33	1	0	0	1	1
874	3.33	1	0	0.5	0	0
875	3.33	1	0	0.5	0	0.5
876	3.33	1	0	0.5	0	1
877	3.33	1	0	0.5	0.5	0
878	3.33	1	0	0.5	0.5	0.5
879	3.33	1	0	0.5	0.5	1
880	3.33	1	0	0.5	1	0
881	3.33	1	0	0.5	1	0.5
882	3.33	1	0	0.5	1	1
883	3.33	1	0	1	0	0
884	3.33	1	0	1	0	0.5
885	3.33	1	0	1	0	1
886	3.33	1	0	1	0.5	0
887	3.33	1	0	1	0.5	0.5
888	3.33	1	0	1	0.5	1
889	3.33	1	0	1	1	0
890	3.33	1	0	1	1	0.5
891	3.33	1	0	1	1	1
892	3.33	1	0.33	0	0	0
893	3.33	1	0.33	0	0	0.5
894	3.33	1	0.33	0	0	1
895	3.33	1	0.33	0	0.5	0
896	3.33	1	0.33	0	0.5	0.5
897	3.33	1	0.33	0	0.5	1
898	3.33	1	0.33	0	1	0
899	3.33	1	0.33	0	1	0.5
900	3.33	1	0.33	0	1	1
901	3.33	1	0.33	0.5	0	0
902	3.33	1	0.33	0.5	0	0.5
903	3.33	1	0.33	0.5	0	1
904	3.33	1	0.33	0.5	0.5	0
905	3.33	1	0.33	0.5	0.5	0.5
906	3.33	1	0.33	0.5	0.5	1
907	3.33	1	0.33	0.5	1	0
908	3.33	1	0.33	0.5	1	0.5
909	3.33	1	0.33	0.5	1	1
910	3.33	1	0.33	1	0	0
911	3.33	1	0.33	1	0	0.5
912	3.33	1	0.33	1	0	1
913	3.33	1	0.33	1	0.5	0
914	3.33	1	0.33	1	0.5	0.5
915	3.33	1	0.33	1	0.5	1
916	3.33	1	0.33	1	1	0
917	3.33	1	0.33	1	1	0.5
918	3.33	1	0.33	1	1	1
919	3.33	1	0.67	0	0	0
920	3.33	1	0.67	0	0	0.5
921	3.33	1	0.67	0	0	1
922	3.33	1	0.67	0	0.5	0
923	3.33	1	0.67	0	0.5	0.5
924	3.33	1	0.67	0	0.5	1
925	3.33	1	0.67	0	1	0
926	3.33	1	0.67	0	1	0.5
927	3.33	1	0.67	0	1	1
928	3.33	1	0.67	0.5	0	0
929	3.33	1	0.67	0.5	0	0.5
930	3.33	1	0.67	0.5	0	1
931	3.33	1	0.67	0.5	0.5	0
932	3.33	1	0.67	0.5	0.5	0.5
933	3.33	1	0.67	0.5	0.5	1
934	3.33	1	0.67	0.5	1	0
935	3.33	1	0.67	0.5	1	0.5
936	3.33	1	0.67	0.5	1	1
937	3.33	1	0.67	1	0	0
938	3.33	1	0.67	1	0	0.5
939	3.33	1	0.67	1	0	1
940	3.33	1	0.67	1	0.5	0
941	3.33	1	0.67	1	0.5	0.5
942	3.33	1	0.67	1	0.5	1
943	3.33	1	0.67	1	1	0
944	3.33	1	0.67	1	1	0.5
945	3.33	1	0.67	1	1	1
946	3.33	1	1	0	0	0
947	3.33	1	1	0	0	0.5
948	3.33	1	1	0	0	1
949	3.33	1	1	0	0.5	0
950	3.33	1	1	0	0.5	0.5
951	3.33	1	1	0	0.5	1
952	3.33	1	1	0	1	0
953	3.33	1	1	0	1	0.5
954	3.33	1	1	0	1	1
955	3.33	1	1	0.5	0	0
956	3.33	1	1	0.5	0	0.5
957	3.33	1	1	0.5	0	1
958	3.33	1	1	0.5	0.5	0
959	3.33	1	1	0.5	0.5	0.5
960	3.33	1	1	0.5	0.5	1
961	3.33	1	1	0.5	1	0
962	3.33	1	1	0.5	1	0.5
963	3.33	1	1	0.5	1	1
964	3.33	1	1	1	0	0
965	3.33	1	1	1	0	0.5
966	3.33	1	1	1	0	1
967	3.33	1	1	1	0.5	0
968	3.33	1	1	1	0.5	0.5
969	3.33	1	1	1	0.5	1
970	3.33	1	1	1	1	0
971	3.33	1	1	1	1	0.5
972	3.33	1	1	1	1	1
973	3.33	6.67	0	0	0	0
974	3.33	6.67	0	0	0	0.5
975	3.33	6.67	0	0	0	1
976	3.33	6.67	0	0	0.5	0
977	3.33	6.67	0	0	0.5	0.5
978	3.33	6.67	0	0	0.5	1
979	3.33	6.67	0	0	1	0
980	3.33	6.67	0	0	1	0.5
981	3.33	6.67	0	0	1	1
982	3.33	6.67	0	0.5	0	0
983	3.33	6.67	0	0.5	0	0.5
984	3.33	6.67	0	0.5	0	1
985	3.33	6.67	0	0.5	0.5	0
986	3.33	6.67	0	0.5	0.5	0.5
987	3.33	6.67	0	0.5	0.5	1
988	3.33	6.67	0	0.5	1	0
989	3.33	6.67	0	0.5	1	0.5
990	3.33	6.67	0	0.5	1	1
991	3.33	6.67	0	1	0	0
992	3.33	6.67	0	1	0	0.5
993	3.33	6.67	0	1	0	1
994	3.33	6.67	0	1	0.5	0
995	3.33	6.67	0	1	0.5	0.5
996	3.33	6.67	0	1	0.5	1
997	3.33	6.67	0	1	1	0
998	3.33	6.67	0	1	1	0.5
999	3.33	6.67	0	1	1	1
1000	3.33	6.67	0.33	0	0	0
1001	3.33	6.67	0.33	0	0	0.5
1002	3.33	6.67	0.33	0	0	1
1003	3.33	6.67	0.33	0	0.5	0
1004	3.33	6.67	0.33	0	0.5	0.5
1005	3.33	6.67	0.33	0	0.5	1
1006	3.33	6.67	0.33	0	1	0
1007	3.33	6.67	0.33	0	1	0.5
1008	3.33	6.67	0.33	0	1	1
1009	3.33	6.67	0.33	0.5	0	0
1010	3.33	6.67	0.33	0.5	0	0.5
1011	3.33	6.67	0.33	0.5	0	1
1012	3.33	6.67	0.33	0.5	0.5	0
1013	3.33	6.67	0.33	0.5	0.5	0.5
1014	3.33	6.67	0.33	0.5	0.5	1
1015	3.33	6.67	0.33	0.5	1	0
1016	3.33	6.67	0.33	0.5	1	0.5
1017	3.33	6.67	0.33	0.5	1	1
1018	3.33	6.67	0.33	1	0	0
1019	3.33	6.67	0.33	1	0	0.5
1020	3.33	6.67	0.33	1	0	1
1021	3.33	6.67	0.33	1	0.5	0
1022	3.33	6.67	0.33	1	0.5	0.5
1023	3.33	6.67	0.33	1	0.5	1
1024	3.33	6.67	0.33	1	1	0
1025	3.33	6.67	0.33	1	1	0.5
1026	3.33	6.67	0.33	1	1	1
1027	3.33	6.67	0.67	0	0	0
1028	3.33	6.67	0.67	0	0	0.5
1029	3.33	6.67	0.67	0	0	1
1030	3.33	6.67	0.67	0	0.5	0
1031	3.33	6.67	0.67	0	0.5	0.5
1032	3.33	6.67	0.67	0	0.5	1
1033	3.33	6.67	0.67	0	1	0
1034	3.33	6.67	0.67	0	1	0.5
1035	3.33	6.67	0.67	0	1	1
1036	3.33	6.67	0.67	0.5	0	0
1037	3.33	6.67	0.67	0.5	0	0.5
1038	3.33	6.67	0.67	0.5	0	1
1039	3.33	6.67	0.67	0.5	0.5	0
1040	3.33	6.67	0.67	0.5	0.5	0.5
1041	3.33	6.67	0.67	0.5	0.5	1
1042	3.33	6.67	0.67	0.5	1	0
1043	3.33	6.67	0.67	0.5	1	0.5
1044	3.33	6.67	0.67	0.5	1	1
1045	3.33	6.67	0.67	1	0	0
1046	3.33	6.67	0.67	1	0	0.5
1047	3.33	6.67	0.67	1	0	1
1048	3.33	6.67	0.67	1	0.5	0
1049	3.33	6.67	0.67	1	0.5	0.5
1050	3.33	6.67	0.67	1	0.5	1
1051	3.33	6.67	0.67	1	1	0
1052	3.33	6.67	0.67	1	1	0.5
1053	3.33	6.67	0.67	1	1	1
1054	3.33	6.67	1	0	0	0
1055	3.33	6.67	1	0	0	0.5
1056	3.33	6.67	1	0	0	1
1057	3.33	6.67	1	0	0.5	0
1058	3.33	6.67	1	0	0.5	0.5
1059	3.33	6.67	1	0	0.5	1
1060	3.33	6.67	1	0	1	0
1061	3.33	6.67	1	0	1	0.5
1062	3.33	6.67	1	0	1	1
1063	3.33	6.67	1	0.5	0	0
1064	3.33	6.67	1	0.5	0	0.5
1065	3.33	6.67	1	0.5	0	1
1066	3.33	6.67	1	0.5	0.5	0
1067	3.33	6.67	1	0.5	0.5	0.5
1068	3.33	6.67	1	0.5	0.5	1
1069	3.33	6.67	1	0.5	1	0
1070	3.33	6.67	1	0.5	1	0.5
1071	3.33	6.67	1	0.5	1	1
1072	3.33	6.67	1	1	0	0
1073	3.33	6.67	1	1	0	0.5
1074	3.33	6.67	1	1	0	1
1075	3.33	6.67	1	1	0.5	0
1076	3.33	6.67	1	1	0.5	0.5
1077	3.33	6.67	1	1	0.5	1
1078	3.33	6.67	1	1	1	0
1079	3.33	6.67	1	1	1	0.5
1080	3.33	6.67	1	1	1	1
1081	3.33	3.33	0	0	0	0
1082	3.33	3.33	0	0	0	0.5
1083	3.33	3.33	0	0	0	1
1084	3.33	3.33	0	0	0.5	0
1085	3.33	3.33	0	0	0.5	0.5
1086	3.33	3.33	0	0	0.5	1
1087	3.33	3.33	0	0	1	0
1088	3.33	3.33	0	0	1	0.5
1089	3.33	3.33	0	0	1	1
1090	3.33	3.33	0	0.5	0	0
1091	3.33	3.33	0	0.5	0	0.5
1092	3.33	3.33	0	0.5	0	1
1093	3.33	3.33	0	0.5	0.5	0
1094	3.33	3.33	0	0.5	0.5	0.5
1095	3.33	3.33	0	0.5	0.5	1
1096	3.33	3.33	0	0.5	1	0
1097	3.33	3.33	0	0.5	1	0.5
1098	3.33	3.33	0	0.5	1	1
1099	3.33	3.33	0	1	0	0
1100	3.33	3.33	0	1	0	0.5
1101	3.33	3.33	0	1	0	1
1102	3.33	3.33	0	1	0.5	0
1103	3.33	3.33	0	1	0.5	0.5
1104	3.33	3.33	0	1	0.5	1
1105	3.33	3.33	0	1	1	0
1106	3.33	3.33	0	1	1	0.5
1107	3.33	3.33	0	1	1	1
1108	3.33	3.33	0.33	0	0	0
1109	3.33	3.33	0.33	0	0	0.5
1110	3.33	3.33	0.33	0	0	1
1111	3.33	3.33	0.33	0	0.5	0
1112	3.33	3.33	0.33	0	0.5	0.5
1113	3.33	3.33	0.33	0	0.5	1
1114	3.33	3.33	0.33	0	1	0
1115	3.33	3.33	0.33	0	1	0.5
1116	3.33	3.33	0.33	0	1	1
1117	3.33	3.33	0.33	0.5	0	0
1118	3.33	3.33	0.33	0.5	0	0.5
1119	3.33	3.33	0.33	0.5	0	1
1120	3.33	3.33	0.33	0.5	0.5	0
1121	3.33	3.33	0.33	0.5	0.5	0.5
1122	3.33	3.33	0.33	0.5	0.5	1
1123	3.33	3.33	0.33	0.5	1	0
1124	3.33	3.33	0.33	0.5	1	0.5
1125	3.33	3.33	0.33	0.5	1	1
1126	3.33	3.33	0.33	1	0	0
1127	3.33	3.33	0.33	1	0	0.5
1128	3.33	3.33	0.33	1	0	1
1129	3.33	3.33	0.33	1	0.5	0
1130	3.33	3.33	0.33	1	0.5	0.5
1131	3.33	3.33	0.33	1	0.5	1
1132	3.33	3.33	0.33	1	1	0
1133	3.33	3.33	0.33	1	1	0.5
1134	3.33	3.33	0.33	1	1	1
1135	3.33	3.33	0.67	0	0	0
1136	3.33	3.33	0.67	0	0	0.5
1137	3.33	3.33	0.67	0	0	1
1138	3.33	3.33	0.67	0	0.5	0
1139	3.33	3.33	0.67	0	0.5	0.5
1140	3.33	3.33	0.67	0	0.5	1
1141	3.33	3.33	0.67	0	1	0
1142	3.33	3.33	0.67	0	1	0.5
1143	3.33	3.33	0.67	0	1	1
1144	3.33	3.33	0.67	0.5	0	0
1145	3.33	3.33	0.67	0.5	0	0.5
1146	3.33	3.33	0.67	0.5	0	1
1147	3.33	3.33	0.67	0.5	0.5	0
1148	3.33	3.33	0.67	0.5	0.5	0.5
1149	3.33	3.33	0.67	0.5	0.5	1
1150	3.33	3.33	0.67	0.5	1	0
1151	3.33	3.33	0.67	0.5	1	0.5
1152	3.33	3.33	0.67	0.5	1	1
1153	3.33	3.33	0.67	1	0	0
1154	3.33	3.33	0.67	1	0	0.5
1155	3.33	3.33	0.67	1	0	1
1156	3.33	3.33	0.67	1	0.5	0
1157	3.33	3.33	0.67	1	0.5	0.5
1158	3.33	3.33	0.67	1	0.5	1
1159	3.33	3.33	0.67	1	1	0
1160	3.33	3.33	0.67	1	1	0.5
1161	3.33	3.33	0.67	1	1	1
1162	3.33	3.33	1	0	0	0
1163	3.33	3.33	1	0	0	0.5
1164	3.33	3.33	1	0	0	1
1165	3.33	3.33	1	0	0.5	0
1166	3.33	3.33	1	0	0.5	0.5
1167	3.33	3.33	1	0	0.5	1
1168	3.33	3.33	1	0	1	0
1169	3.33	3.33	1	0	1	0.5
1170	3.33	3.33	1	0	1	1
1171	3.33	3.33	1	0.5	0	0
1172	3.33	3.33	1	0.5	0	0.5
1173	3.33	3.33	1	0.5	0	1
1174	3.33	3.33	1	0.5	0.5	0
1175	3.33	3.33	1	0.5	0.5	0.5
1176	3.33	3.33	1	0.5	0.5	1
1177	3.33	3.33	1	0.5	1	0
1178	3.33	3.33	1	0.5	1	0.5
1179	3.33	3.33	1	0.5	1	1
1180	3.33	3.33	1	1	0	0
1181	3.33	3.33	1	1	0	0.5
1182	3.33	3.33	1	1	0	1
1183	3.33	3.33	1	1	0.5	0
1184	3.33	3.33	1	1	0.5	0.5
1185	3.33	3.33	1	1	0.5	1
1186	3.33	3.33	1	1	1	0
1187	3.33	3.33	1	1	1	0.5
1188	3.33	3.33	1	1	1	1
1189	3.33	0	0	0	0	0
1190	3.33	0	0	0	0	0.5
1191	3.33	0	0	0	0	1
1192	3.33	0	0	0	0.5	0
1193	3.33	0	0	0	0.5	0.5
1194	3.33	0	0	0	0.5	1
1195	3.33	0	0	0	1	0
1196	3.33	0	0	0	1	0.5
1197	3.33	0	0	0	1	1
1198	3.33	0	0	0.5	0	0
1199	3.33	0	0	0.5	0	0.5
1200	3.33	0	0	0.5	0	1
1201	3.33	0	0	0.5	0.5	0
1202	3.33	0	0	0.5	0.5	0.5
1203	3.33	0	0	0.5	0.5	1
1204	3.33	0	0	0.5	1	0
1205	3.33	0	0	0.5	1	0.5
1206	3.33	0	0	0.5	1	1
1207	3.33	0	0	1	0	0
1208	3.33	0	0	1	0	0.5
1209	3.33	0	0	1	0	1
1210	3.33	0	0	1	0.5	0
1211	3.33	0	0	1	0.5	0.5
1212	3.33	0	0	1	0.5	1
1213	3.33	0	0	1	1	0
1214	3.33	0	0	1	1	0.5
1215	3.33	0	0	1	1	1
1216	3.33	0	0.33	0	0	0
1217	3.33	0	0.33	0	0	0.5
1218	3.33	0	0.33	0	0	1
1219	3.33	0	0.33	0	0.5	0
1220	3.33	0	0.33	0	0.5	0.5
1221	3.33	0	0.33	0	0.5	1
1222	3.33	0	0.33	0	1	0
1223	3.33	0	0.33	0	1	0.5
1224	3.33	0	0.33	0	1	1
1225	3.33	0	0.33	0.5	0	0
1226	3.33	0	0.33	0.5	0	0.5
1227	3.33	0	0.33	0.5	0	1
1228	3.33	0	0.33	0.5	0.5	0
1229	3.33	0	0.33	0.5	0.5	0.5
1230	3.33	0	0.33	0.5	0.5	1
1231	3.33	0	0.33	0.5	1	0
1232	3.33	0	0.33	0.5	1	0.5
1233	3.33	0	0.33	0.5	1	1
1234	3.33	0	0.33	1	0	0
1235	3.33	0	0.33	1	0	0.5
1236	3.33	0	0.33	1	0	1
1237	3.33	0	0.33	1	0.5	0
1238	3.33	0	0.33	1	0.5	0.5
1239	3.33	0	0.33	1	0.5	1
1240	3.33	0	0.33	1	1	0
1241	3.33	0	0.33	1	1	0.5
1242	3.33	0	0.33	1	1	1
1243	3.33	0	0.67	0	0	0
1244	3.33	0	0.67	0	0	0.5
1245	3.33	0	0.67	0	0	1
1246	3.33	0	0.67	0	0.5	0
1247	3.33	0	0.67	0	0.5	0.5
1248	3.33	0	0.67	0	0.5	1
1249	3.33	0	0.67	0	1	0
1250	3.33	0	0.67	0	1	0.5
1251	3.33	0	0.67	0	1	1
1252	3.33	0	0.67	0.5	0	0
1253	3.33	0	0.67	0.5	0	0.5
1254	3.33	0	0.67	0.5	0	1
1255	3.33	0	0.67	0.5	0.5	0
1256	3.33	0	0.67	0.5	0.5	0.5
1257	3.33	0	0.67	0.5	0.5	1
1258	3.33	0	0.67	0.5	1	0
1259	3.33	0	0.67	0.5	1	0.5
1260	3.33	0	0.67	0.5	1	1
1261	3.33	0	0.67	1	0	0
1262	3.33	0	0.67	1	0	0.5
1263	3.33	0	0.67	1	0	1
1264	3.33	0	0.67	1	0.5	0
1265	3.33	0	0.67	1	0.5	0.5
1266	3.33	0	0.67	1	0.5	1
1267	3.33	0	0.67	1	1	0
1268	3.33	0	0.67	1	1	0.5
1269	3.33	0	0.67	1	1	1
1270	3.33	0	1	0	0	0
1271	3.33	0	1	0	0	0.5
1272	3.33	0	1	0	0	1
1273	3.33	0	1	0	0.5	0
1274	3.33	0	1	0	0.5	0.5
1275	3.33	0	1	0	0.5	1
1276	3.33	0	1	0	1	0
1277	3.33	0	1	0	1	0.5
1278	3.33	0	1	0	1	1
1279	3.33	0	1	0.5	0	0
1280	3.33	0	1	0.5	0	0.5
1281	3.33	0	1	0.5	0	1
1282	3.33	0	1	0.5	0.5	0
1283	3.33	0	1	0.5	0.5	0.5
1284	3.33	0	1	0.5	0.5	1
1285	3.33	0	1	0.5	1	0
1286	3.33	0	1	0.5	1	0.5
1287	3.33	0	1	0.5	1	1
1288	3.33	0	1	1	0	0
1289	3.33	0	1	1	0	0.5
1290	3.33	0	1	1	0	1
1291	3.33	0	1	1	0.5	0
1292	3.33	0	1	1	0.5	0.5
1293	3.33	0	1	1	0.5	1
1294	3.33	0	1	1	1	0
1295	3.33	0	1	1	1	0.5
1296	3.33	0	1	1	1	1
1297	0	1	0	0	0	0
1298	0	1	0	0	0	0.5
1299	0	1	0	0	0	1
1300	0	1	0	0	0.5	0
1301	0	1	0	0	0.5	0.5
1302	0	1	0	0	0.5	1
1303	0	1	0	0	1	0
1304	0	1	0	0	1	0.5
1305	0	1	0	0	1	1
1306	0	1	0	0.5	0	0
1307	0	1	0	0.5	0	0.5
1308	0	1	0	0.5	0	1
1309	0	1	0	0.5	0.5	0
1310	0	1	0	0.5	0.5	0.5
1311	0	1	0	0.5	0.5	1
1312	0	1	0	0.5	1	0
1313	0	1	0	0.5	1	0.5
1314	0	1	0	0.5	1	1
1315	0	1	0	1	0	0
1316	0	1	0	1	0	0.5
1317	0	1	0	1	0	1
1318	0	1	0	1	0.5	0
1319	0	1	0	1	0.5	0.5
1320	0	1	0	1	0.5	1
1321	0	1	0	1	1	0
1322	0	1	0	1	1	0.5
1323	0	1	0	1	1	1
1324	0	1	0.33	0	0	0
1325	0	1	0.33	0	0	0.5
1326	0	1	0.33	0	0	1
1327	0	1	0.33	0	0.5	0
1328	0	1	0.33	0	0.5	0.5
1329	0	1	0.33	0	0.5	1
1330	0	1	0.33	0	1	0
1331	0	1	0.33	0	1	0.5
1332	0	1	0.33	0	1	1
1333	0	1	0.33	0.5	0	0
1334	0	1	0.33	0.5	0	0.5
1335	0	1	0.33	0.5	0	1
1336	0	1	0.33	0.5	0.5	0
1337	0	1	0.33	0.5	0.5	0.5
1338	0	1	0.33	0.5	0.5	1
1339	0	1	0.33	0.5	1	0
1340	0	1	0.33	0.5	1	0.5
1341	0	1	0.33	0.5	1	1
1342	0	1	0.33	1	0	0
1343	0	1	0.33	1	0	0.5
1344	0	1	0.33	1	0	1
1345	0	1	0.33	1	0.5	0
1346	0	1	0.33	1	0.5	0.5
1347	0	1	0.33	1	0.5	1
1348	0	1	0.33	1	1	0
1349	0	1	0.33	1	1	0.5
1350	0	1	0.33	1	1	1
1351	0	1	0.67	0	0	0
1352	0	1	0.67	0	0	0.5
1353	0	1	0.67	0	0	1
1354	0	1	0.67	0	0.5	0
1355	0	1	0.67	0	0.5	0.5
1356	0	1	0.67	0	0.5	1
1357	0	1	0.67	0	1	0
1358	0	1	0.67	0	1	0.5
1359	0	1	0.67	0	1	1
1360	0	1	0.67	0.5	0	0
1361	0	1	0.67	0.5	0	0.5
1362	0	1	0.67	0.5	0	1
1363	0	1	0.67	0.5	0.5	0
1364	0	1	0.67	0.5	0.5	0.5
1365	0	1	0.67	0.5	0.5	1
1366	0	1	0.67	0.5	1	0
1367	0	1	0.67	0.5	1	0.5
1368	0	1	0.67	0.5	1	1
1369	0	1	0.67	1	0	0
1370	0	1	0.67	1	0	0.5
1371	0	1	0.67	1	0	1
1372	0	1	0.67	1	0.5	0
1373	0	1	0.67	1	0.5	0.5
1374	0	1	0.67	1	0.5	1
1375	0	1	0.67	1	1	0
1376	0	1	0.67	1	1	0.5
1377	0	1	0.67	1	1	1
1378	0	1	1	0	0	0
1379	0	1	1	0	0	0.5
1380	0	1	1	0	0	1
1381	0	1	1	0	0.5	0
1382	0	1	1	0	0.5	0.5
1383	0	1	1	0	0.5	1
1384	0	1	1	0	1	0
1385	0	1	1	0	1	0.5
1386	0	1	1	0	1	1
1387	0	1	1	0.5	0	0
1388	0	1	1	0.5	0	0.5
1389	0	1	1	0.5	0	1
1390	0	1	1	0.5	0.5	0
1391	0	1	1	0.5	0.5	0.5
1392	0	1	1	0.5	0.5	1
1393	0	1	1	0.5	1	0
1394	0	1	1	0.5	1	0.5
1395	0	1	1	0.5	1	1
1396	0	1	1	1	0	0
1397	0	1	1	1	0	0.5
1398	0	1	1	1	0	1
1399	0	1	1	1	0.5	0
1400	0	1	1	1	0.5	0.5
1401	0	1	1	1	0.5	1
1402	0	1	1	1	1	0
1403	0	1	1	1	1	0.5
1404	0	1	1	1	1	1
1405	0	6.67	0	0	0	0
1406	0	6.67	0	0	0	0.5
1407	0	6.67	0	0	0	1
1408	0	6.67	0	0	0.5	0
1409	0	6.67	0	0	0.5	0.5
1410	0	6.67	0	0	0.5	1
1411	0	6.67	0	0	1	0
1412	0	6.67	0	0	1	0.5
1413	0	6.67	0	0	1	1
1414	0	6.67	0	0.5	0	0
1415	0	6.67	0	0.5	0	0.5
1416	0	6.67	0	0.5	0	1
1417	0	6.67	0	0.5	0.5	0
1418	0	6.67	0	0.5	0.5	0.5
1419	0	6.67	0	0.5	0.5	1
1420	0	6.67	0	0.5	1	0
1421	0	6.67	0	0.5	1	0.5
1422	0	6.67	0	0.5	1	1
1423	0	6.67	0	1	0	0
1424	0	6.67	0	1	0	0.5
1425	0	6.67	0	1	0	1
1426	0	6.67	0	1	0.5	0
1427	0	6.67	0	1	0.5	0.5
1428	0	6.67	0	1	0.5	1
1429	0	6.67	0	1	1	0
1430	0	6.67	0	1	1	0.5
1431	0	6.67	0	1	1	1
1432	0	6.67	0.33	0	0	0
1433	0	6.67	0.33	0	0	0.5
1434	0	6.67	0.33	0	0	1
1435	0	6.67	0.33	0	0.5	0
1436	0	6.67	0.33	0	0.5	0.5
1437	0	6.67	0.33	0	0.5	1
1438	0	6.67	0.33	0	1	0
1439	0	6.67	0.33	0	1	0.5
1440	0	6.67	0.33	0	1	1
1441	0	6.67	0.33	0.5	0	0
1442	0	6.67	0.33	0.5	0	0.5
1443	0	6.67	0.33	0.5	0	1
1444	0	6.67	0.33	0.5	0.5	0
1445	0	6.67	0.33	0.5	0.5	0.5
1446	0	6.67	0.33	0.5	0.5	1
1447	0	6.67	0.33	0.5	1	0
1448	0	6.67	0.33	0.5	1	0.5
1449	0	6.67	0.33	0.5	1	1
1450	0	6.67	0.33	1	0	0
1451	0	6.67	0.33	1	0	0.5
1452	0	6.67	0.33	1	0	1
1453	0	6.67	0.33	1	0.5	0
1454	0	6.67	0.33	1	0.5	0.5
1455	0	6.67	0.33	1	0.5	1
1456	0	6.67	0.33	1	1	0
1457	0	6.67	0.33	1	1	0.5
1458	0	6.67	0.33	1	1	1
1459	0	6.67	0.67	0	0	0
1460	0	6.67	0.67	0	0	0.5
1461	0	6.67	0.67	0	0	1
1462	0	6.67	0.67	0	0.5	0
1463	0	6.67	0.67	0	0.5	0.5
1464	0	6.67	0.67	0	0.5	1
1465	0	6.67	0.67	0	1	0
1466	0	6.67	0.67	0	1	0.5
1467	0	6.67	0.67	0	1	1
1468	0	6.67	0.67	0.5	0	0
1469	0	6.67	0.67	0.5	0	0.5
1470	0	6.67	0.67	0.5	0	1
1471	0	6.67	0.67	0.5	0.5	0
1472	0	6.67	0.67	0.5	0.5	0.5
1473	0	6.67	0.67	0.5	0.5	1
1474	0	6.67	0.67	0.5	1	0
1475	0	6.67	0.67	0.5	1	0.5
1476	0	6.67	0.67	0.5	1	1
1477	0	6.67	0.67	1	0	0
1478	0	6.67	0.67	1	0	0.5
1479	0	6.67	0.67	1	0	1
1480	0	6.67	0.67	1	0.5	0
1481	0	6.67	0.67	1	0.5	0.5
1482	0	6.67	0.67	1	0.5	1
1483	0	6.67	0.67	1	1	0
1484	0	6.67	0.67	1	1	0.5
1485	0	6.67	0.67	1	1	1
1486	0	6.67	1	0	0	0
1487	0	6.67	1	0	0	0.5
1488	0	6.67	1	0	0	1
1489	0	6.67	1	0	0.5	0
1490	0	6.67	1	0	0.5	0.5
1491	0	6.67	1	0	0.5	1
1492	0	6.67	1	0	1	0
1493	0	6.67	1	0	1	0.5
1494	0	6.67	1	0	1	1
1495	0	6.67	1	0.5	0	0
1496	0	6.67	1	0.5	0	0.5
1497	0	6.67	1	0.5	0	1
1498	0	6.67	1	0.5	0.5	0
1499	0	6.67	1	0.5	0.5	0.5
1500	0	6.67	1	0.5	0.5	1
1501	0	6.67	1	0.5	1	0
1502	0	6.67	1	0.5	1	0.5
1503	0	6.67	1	0.5	1	1
1504	0	6.67	1	1	0	0
1505	0	6.67	1	1	0	0.5
1506	0	6.67	1	1	0	1
1507	0	6.67	1	1	0.5	0
1508	0	6.67	1	1	0.5	0.5
1509	0	6.67	1	1	0.5	1
1510	0	6.67	1	1	1	0
1511	0	6.67	1	1	1	0.5
1512	0	6.67	1	1	1	1
1513	0	3.33	0	0	0	0
1514	0	3.33	0	0	0	0.5
1515	0	3.33	0	0	0	1
1516	0	3.33	0	0	0.5	0
1517	0	3.33	0	0	0.5	0.5
1518	0	3.33	0	0	0.5	1
1519	0	3.33	0	0	1	0
1520	0	3.33	0	0	1	0.5
1521	0	3.33	0	0	1	1
1522	0	3.33	0	0.5	0	0
1523	0	3.33	0	0.5	0	0.5
1524	0	3.33	0	0.5	0	1
1525	0	3.33	0	0.5	0.5	0
1526	0	3.33	0	0.5	0.5	0.5
1527	0	3.33	0	0.5	0.5	1
1528	0	3.33	0	0.5	1	0
1529	0	3.33	0	0.5	1	0.5
1530	0	3.33	0	0.5	1	1
1531	0	3.33	0	1	0	0
1532	0	3.33	0	1	0	0.5
1533	0	3.33	0	1	0	1
1534	0	3.33	0	1	0.5	0
1535	0	3.33	0	1	0.5	0.5
1536	0	3.33	0	1	0.5	1
1537	0	3.33	0	1	1	0
1538	0	3.33	0	1	1	0.5
1539	0	3.33	0	1	1	1
1540	0	3.33	0.33	0	0	0
1541	0	3.33	0.33	0	0	0.5
1542	0	3.33	0.33	0	0	1
1543	0	3.33	0.33	0	0.5	0
1544	0	3.33	0.33	0	0.5	0.5
1545	0	3.33	0.33	0	0.5	1
1546	0	3.33	0.33	0	1	0
1547	0	3.33	0.33	0	1	0.5
1548	0	3.33	0.33	0	1	1
1549	0	3.33	0.33	0.5	0	0
1550	0	3.33	0.33	0.5	0	0.5
1551	0	3.33	0.33	0.5	0	1
1552	0	3.33	0.33	0.5	0.5	0
1553	0	3.33	0.33	0.5	0.5	0.5
1554	0	3.33	0.33	0.5	0.5	1
1555	0	3.33	0.33	0.5	1	0
1556	0	3.33	0.33	0.5	1	0.5
1557	0	3.33	0.33	0.5	1	1
1558	0	3.33	0.33	1	0	0
1559	0	3.33	0.33	1	0	0.5
1560	0	3.33	0.33	1	0	1
1561	0	3.33	0.33	1	0.5	0
1562	0	3.33	0.33	1	0.5	0.5
1563	0	3.33	0.33	1	0.5	1
1564	0	3.33	0.33	1	1	0
1565	0	3.33	0.33	1	1	0.5
1566	0	3.33	0.33	1	1	1
1567	0	3.33	0.67	0	0	0
1568	0	3.33	0.67	0	0	0.5
1569	0	3.33	0.67	0	0	1
1570	0	3.33	0.67	0	0.5	0
1571	0	3.33	0.67	0	0.5	0.5
1572	0	3.33	0.67	0	0.5	1
1573	0	3.33	0.67	0	1	0
1574	0	3.33	0.67	0	1	0.5
1575	0	3.33	0.67	0	1	1
1576	0	3.33	0.67	0.5	0	0
1577	0	3.33	0.67	0.5	0	0.5
1578	0	3.33	0.67	0.5	0	1
1579	0	3.33	0.67	0.5	0.5	0
1580	0	3.33	0.67	0.5	0.5	0.5
1581	0	3.33	0.67	0.5	0.5	1
1582	0	3.33	0.67	0.5	1	0
1583	0	3.33	0.67	0.5	1	0.5
1584	0	3.33	0.67	0.5	1	1
1585	0	3.33	0.67	1	0	0
1586	0	3.33	0.67	1	0	0.5
1587	0	3.33	0.67	1	0	1
1588	0	3.33	0.67	1	0.5	0
1589	0	3.33	0.67	1	0.5	0.5
1590	0	3.33	0.67	1	0.5	1
1591	0	3.33	0.67	1	1	0
1592	0	3.33	0.67	1	1	0.5
1593	0	3.33	0.67	1	1	1
1594	0	3.33	1	0	0	0
1595	0	3.33	1	0	0	0.5
1596	0	3.33	1	0	0	1
1597	0	3.33	1	0	0.5	0
1598	0	3.33	1	0	0.5	0.5
1599	0	3.33	1	0	0.5	1
1600	0	3.33	1	0	1	0
1601	0	3.33	1	0	1	0.5
1602	0	3.33	1	0	1	1
1603	0	3.33	1	0.5	0	0
1604	0	3.33	1	0.5	0	0.5
1605	0	3.33	1	0.5	0	1
1606	0	3.33	1	0.5	0.5	0
1607	0	3.33	1	0.5	0.5	0.5
1608	0	3.33	1	0.5	0.5	1
1609	0	3.33	1	0.5	1	0
1610	0	3.33	1	0.5	1	0.5
1611	0	3.33	1	0.5	1	1
1612	0	3.33	1	1	0	0
1613	0	3.33	1	1	0	0.5
1614	0	3.33	1	1	0	1
1615	0	3.33	1	1	0.5	0
1616	0	3.33	1	1	0.5	0.5
1617	0	3.33	1	1	0.5	1
1618	0	3.33	1	1	1	0
1619	0	3.33	1	1	1	0.5
1620	0	3.33	1	1	1	1
1621	0	0	0	0	0	0
1622	0	0	0	0	0	0.5
1623	0	0	0	0	0	1
1624	0	0	0	0	0.5	0
1625	0	0	0	0	0.5	0.5
1626	0	0	0	0	0.5	1
1627	0	0	0	0	1	0
1628	0	0	0	0	1	0.5
1629	0	0	0	0	1	1
1630	0	0	0	0.5	0	0
1631	0	0	0	0.5	0	0.5
1632	0	0	0	0.5	0	1
1633	0	0	0	0.5	0.5	0
1634	0	0	0	0.5	0.5	0.5
1635	0	0	0	0.5	0.5	1
1636	0	0	0	0.5	1	0
1637	0	0	0	0.5	1	0.5
1638	0	0	0	0.5	1	1
1639	0	0	0	1	0	0
1640	0	0	0	1	0	0.5
1641	0	0	0	1	0	1
1642	0	0	0	1	0.5	0
1643	0	0	0	1	0.5	0.5
1644	0	0	0	1	0.5	1
1645	0	0	0	1	1	0
1646	0	0	0	1	1	0.5
1647	0	0	0	1	1	1
1648	0	0	0.33	0	0	0
1649	0	0	0.33	0	0	0.5
1650	0	0	0.33	0	0	1
1651	0	0	0.33	0	0.5	0
1652	0	0	0.33	0	0.5	0.5
1653	0	0	0.33	0	0.5	1
1654	0	0	0.33	0	1	0
1655	0	0	0.33	0	1	0.5
1656	0	0	0.33	0	1	1
1657	0	0	0.33	0.5	0	0
1658	0	0	0.33	0.5	0	0.5
1659	0	0	0.33	0.5	0	1
1660	0	0	0.33	0.5	0.5	0
1661	0	0	0.33	0.5	0.5	0.5
1662	0	0	0.33	0.5	0.5	1
1663	0	0	0.33	0.5	1	0
1664	0	0	0.33	0.5	1	0.5
1665	0	0	0.33	0.5	1	1
1666	0	0	0.33	1	0	0
1667	0	0	0.33	1	0	0.5
1668	0	0	0.33	1	0	1
1669	0	0	0.33	1	0.5	0
1670	0	0	0.33	1	0.5	0.5
1671	0	0	0.33	1	0.5	1
1672	0	0	0.33	1	1	0
1673	0	0	0.33	1	1	0.5
1674	0	0	0.33	1	1	1
1675	0	0	0.67	0	0	0
1676	0	0	0.67	0	0	0.5
1677	0	0	0.67	0	0	1
1678	0	0	0.67	0	0.5	0
1679	0	0	0.67	0	0.5	0.5
1680	0	0	0.67	0	0.5	1
1681	0	0	0.67	0	1	0
1682	0	0	0.67	0	1	0.5
1683	0	0	0.67	0	1	1
1684	0	0	0.67	0.5	0	0
1685	0	0	0.67	0.5	0	0.5
1686	0	0	0.67	0.5	0	1
1687	0	0	0.67	0.5	0.5	0
1688	0	0	0.67	0.5	0.5	0.5
1689	0	0	0.67	0.5	0.5	1
1690	0	0	0.67	0.5	1	0
1691	0	0	0.67	0.5	1	0.5
1692	0	0	0.67	0.5	1	1
1693	0	0	0.67	1	0	0
1694	0	0	0.67	1	0	0.5
1695	0	0	0.67	1	0	1
1696	0	0	0.67	1	0.5	0
1697	0	0	0.67	1	0.5	0.5
1698	0	0	0.67	1	0.5	1
1699	0	0	0.67	1	1	0
1700	0	0	0.67	1	1	0.5
1701	0	0	0.67	1	1	1
1702	0	0	1	0	0	0
1703	0	0	1	0	0	0.5
1704	0	0	1	0	0	1
1705	0	0	1	0	0.5	0
1706	0	0	1	0	0.5	0.5
1707	0	0	1	0	0.5	1
1708	0	0	1	0	1	0
1709	0	0	1	0	1	0.5
1710	0	0	1	0	1	1
1711	0	0	1	0.5	0	0
1712	0	0	1	0.5	0	0.5
1713	0	0	1	0.5	0	1
1714	0	0	1	0.5	0.5	0
1715	0	0	1	0.5	0.5	0.5
1716	0	0	1	0.5	0.5	1
1717	0	0	1	0.5	1	0
1718	0	0	1	0.5	1	0.5
1719	0	0	1	0.5	1	1
1720	0	0	1	1	0	0
1721	0	0	1	1	0	0.5
1722	0	0	1	1	0	1
1723	0	0	1	1	0.5	0
1724	0	0	1	1	0.5	0.5
1725	0	0	1	1	0.5	1
1726	0	0	1	1	1	0
1727	0	0	1	1	1	0.5
1728	0	0	1	1	1	1
